Ml vs NoML:2.76322378686552
1.6161446265978
3.52980605041363
4.78209891791182
4.54889077688708
1.37910334153417
2.02592257138954
5.28188188908711
2.75151023857801
2.19552214535928
1.87601171231305
1.00834831308097
3.10471062917227
1.53214091313627
2.12174279157014
4.17896818322785
1.32027080193187
1.65526352417435
2.76493137433981
4.34522574498168
2.30292070875213
4.54333346208831
10.2955010924541
3.06608682500484
2.31370009284957
1.19523707428622
5.43481563619148
2.23997052932102
2.06101298485843
4.68873193279006
2.73799073831629
2.15758707632859
2.90387721079182
1.16490705307793
4.83402543745205
2.70320113506657
6.97929713778353
5.49351832840474
8.74389918571183
7.71572983990059
3.32392306604933
2.03913884446759
1.70241908821249
3.59795290027208
2.9935366578559
4.04362566371377
2.49161098984996
3.24816595710122
4.39623294473876
1.53149287277965
1.54731410003675
5.40894675654576
1.86710076859741
2.67002399056883
6.2736618689033
2.25561639884133
1.95104867760653
3.797818166332
1.01169847523875
3.42040386130199
4.88914830935916
1.92591400523931
3.04811324266515
0.978012400058594
4.36213664858181
1.82254070496762
3.17029997749604
4.72768881225688
4.33892586608983
1.97597107714352
1.02221767204676
2.2179574516107
3.80114079845541
NoML vs NoMlMean:1.57531362586588
3.62044240934976
2.47143904886227
2.69668778153532
5.77268609637659
2.60004720012333
1.4028031019358
3.0764400677361
6.57121409666872
2.73174635313898
1.73602395131867
1.86424645420622
2.41329859848771
1.68527787803369
3.29632209819602
3.29866070198097
3.78087747722377
1.62425094700651
1.95677426411522
1.50410876660416
1.45765268911545
2.66949587710999
9.15558196983351
2.81482022252697
2.45482848708075
2.73997731341699
5.05687669206517
2.35077907108095
2.97005043834952
3.56573702794431
3.61687931331616
4.02325439267689
2.47268080968926
3.15231356617531
4.43798225625676
1.64091089928459
10.9660949535859
2.86435261006562
9.19644885403743
6.64476824936441
3.46447616543341
3.51747967760977
2.41501133769188
1.85795021945603
1.67859392296073
0.982745442405469
2.8223495352124
2.53096402540763
2.23367864490623
3.14138168741631
3.35285470255386
3.22885968881246
2.60294293836988
2.0349532019479
2.46713285510105
1.4305568675068
2.44220334481186
2.29869079940889
3.8425804647515
4.07713448305707
3.67569077707883
2.43328475356256
3.67942696521368
2.68120844561686
2.06478134837556
2.76513325508319
2.10802933388648
4.610149156347
4.07159255606011
2.37748074198544
3.90120757381266
2.71973070826968
3.31958370700594
